5.698910E+10 3.986205E-01
5.695220E+10 3.987869E-01
5.686216E+10 3.988287E-01
5.677327E+10 3.988746E-01
5.669566E+10 3.989243E-01
5.663559E+10 3.989777E-01
5.657003E+10 3.990340E-01
5.651108E+10 3.990929E-01
5.645355E+10 3.991540E-01
5.636440E+10 3.992167E-01
5.628132E+10 3.992801E-01
5.619651E+10 3.993442E-01
5.612455E+10 3.994084E-01
5.605622E+10 3.994732E-01
5.597832E+10 3.995396E-01
5.590208E+10 3.996116E-01
5.581114E+10 3.996892E-01
5.569807E+10 3.997695E-01
5.558688E+10 3.998527E-01
5.546822E+10 3.999385E-01
5.532314E+10 4.000269E-01
5.517063E+10 4.001175E-01
5.501536E+10 4.002099E-01
5.485178E+10 4.003041E-01
5.469220E+10 4.004002E-01
5.453338E+10 4.004985E-01
5.436622E+10 4.005992E-01
5.419409E+10 4.007021E-01
5.401449E+10 4.008072E-01
5.382916E+10 4.009150E-01
5.364887E+10 4.010273E-01
5.346974E+10 4.011455E-01
5.328483E+10 4.012695E-01
5.310210E+10 4.013978E-01
5.292952E+10 4.015291E-01
5.275447E+10 4.016629E-01
5.256844E+10 4.017990E-01
5.239431E+10 4.019367E-01
5.222870E+10 4.020759E-01
5.206053E+10 4.022165E-01
5.187910E+10 4.023588E-01
5.170941E+10 4.025041E-01
5.154686E+10 4.026515E-01
5.138147E+10 4.028009E-01
5.120486E+10 4.029525E-01
5.103196E+10 4.031091E-01
5.086019E+10 4.032698E-01
5.068869E+10 4.034342E-01
5.049108E+10 4.036054E-01
5.031108E+10 4.037787E-01
5.014833E+10 4.039543E-01
4.987895E+10 4.041332E-01
4.959880E+10 4.043140E-01
4.930977E+10 4.044981E-01
4.902373E+10 4.046866E-01
4.873891E+10 4.048770E-01
4.844811E+10 4.050698E-01
4.815676E+10 4.052633E-01
4.786395E+10 4.054589E-01
4.757728E+10 4.056567E-01
4.729694E+10 4.058568E-01
4.703053E+10 4.060595E-01
4.677126E+10 4.062635E-01
4.652530E+10 4.064650E-01
4.628308E+10 4.066656E-01
4.604886E+10 4.068533E-01
4.581606E+10 4.070387E-01
4.558867E+10 4.072096E-01
4.536212E+10 4.073782E-01
4.513991E+10 4.075429E-01
4.491860E+10 4.077067E-01
4.469587E+10 4.078759E-01
4.447264E+10 4.080472E-01
4.424622E+10 4.082278E-01
4.401753E+10 4.084153E-01
4.378636E+10 4.086078E-01
4.355108E+10 4.088089E-01
4.331510E+10 4.090111E-01
4.307341E+10 4.092228E-01
4.283172E+10 4.094344E-01
4.259502E+10 4.096539E-01
4.235973E+10 4.098756E-01
4.212247E+10 4.101003E-01
4.188206E+10 4.103296E-01
4.164166E+10 4.105590E-01
4.136412E+10 4.107888E-01
4.108374E+10 4.110186E-01
4.080721E+10 4.112441E-01
4.053633E+10 4.114631E-01
4.026544E+10 4.116821E-01
4.000469E+10 4.118861E-01
3.974628E+10 4.120868E-01
3.948936E+10 4.122849E-01
3.924096E+10 4.124690E-01
3.899255E+10 4.126530E-01
3.874748E+10 4.128357E-01
3.850711E+10 4.130164E-01
3.826674E+10 4.131972E-01
3.802593E+10 4.133798E-01
3.778484E+10 4.135638E-01
3.754375E+10 4.137477E-01
3.730127E+10 4.139361E-01
3.705825E+10 4.141261E-01
3.681523E+10 4.143162E-01
3.657306E+10 4.145297E-01
3.633116E+10 4.147507E-01
3.608926E+10 4.149717E-01
3.584977E+10 4.152324E-01
3.561127E+10 4.155091E-01
3.537276E+10 4.157858E-01
3.512398E+10 4.160870E-01
3.486792E+10 4.164056E-01
3.461186E+10 4.167241E-01
3.435020E+10 4.170416E-01
3.407917E+10 4.173572E-01
3.380815E+10 4.176728E-01
3.353852E+10 4.179877E-01
3.328608E+10 4.182940E-01
3.303363E+10 4.186003E-01
3.278119E+10 4.189066E-01
3.253287E+10 4.191973E-01
3.228642E+10 4.194808E-01
3.203997E+10 4.197644E-01
3.179462E+10 4.200427E-01
3.155346E+10 4.203009E-01
3.131230E+10 4.205590E-01
3.107114E+10 4.208172E-01
3.083835E+10 4.210621E-01
3.061040E+10 4.212992E-01
3.038246E+10 4.215363E-01
3.015451E+10 4.217735E-01
2.993891E+10 4.220079E-01
2.972380E+10 4.222422E-01
2.950869E+10 4.224765E-01
2.928859E+10 4.227137E-01
2.904738E+10 4.229631E-01
2.880616E+10 4.232125E-01
2.856495E+10 4.234619E-01
2.832563E+10 4.237050E-01
2.809036E+10 4.239347E-01
2.785509E+10 4.241643E-01
2.761982E+10 4.243940E-01
2.738978E+10 4.246177E-01
2.716989E+10 4.248298E-01
2.695000E+10 4.250419E-01
2.673011E+10 4.252539E-01
2.651224E+10 4.254614E-01
2.630029E+10 4.256554E-01
2.608835E+10 4.258494E-01
2.587640E+10 4.260434E-01
2.566485E+10 4.262366E-01
2.545987E+10 4.264158E-01
2.525489E+10 4.265950E-01
2.504991E+10 4.267743E-01
2.484492E+10 4.269535E-01
2.464169E+10 4.271321E-01
2.443906E+10 4.273104E-01
2.423642E+10 4.274887E-01
2.403378E+10 4.276671E-01
2.383075E+10 4.278471E-01
2.362686E+10 4.280305E-01
2.342296E+10 4.282140E-01
2.321907E+10 4.283975E-01
2.301518E+10 4.285809E-01
2.281659E+10 4.287562E-01
2.261958E+10 4.289291E-01
2.242256E+10 4.291020E-01
2.222555E+10 4.292749E-01
2.203035E+10 4.294485E-01
2.185143E+10 4.296293E-01
2.167251E+10 4.298100E-01
2.149359E+10 4.299907E-01
2.131467E+10 4.301714E-01
2.113930E+10 4.303550E-01
2.097210E+10 4.305449E-01
2.080490E+10 4.307349E-01
2.063770E+10 4.309249E-01
2.047050E+10 4.311148E-01
2.029284E+10 4.313167E-01
2.009777E+10 4.315383E-01
1.990271E+10 4.317600E-01
1.970764E+10 4.319817E-01
1.951258E+10 4.322033E-01
1.932362E+10 4.324147E-01
1.914799E+10 4.326037E-01
1.897237E+10 4.327928E-01
1.879674E+10 4.329818E-01
1.862111E+10 4.331708E-01
1.844752E+10 4.333584E-01
1.828954E+10 4.335348E-01
1.813156E+10 4.337113E-01
1.797358E+10 4.338878E-01
1.781560E+10 4.340643E-01
1.765762E+10 4.342408E-01
1.750646E+10 4.344339E-01
1.735728E+10 4.346319E-01
1.720810E+10 4.348299E-01
1.705892E+10 4.350279E-01
1.690974E+10 4.352259E-01
1.675528E+10 4.354419E-01
1.658797E+10 4.357017E-01
1.642067E+10 4.359614E-01
1.625337E+10 4.362212E-01
1.608607E+10 4.364810E-01
1.591877E+10 4.367407E-01
1.575643E+10 4.371422E-01
1.559666E+10 4.376173E-01
1.543690E+10 4.380924E-01
1.527713E+10 4.385674E-01
1.511737E+10 4.390425E-01
1.495760E+10 4.395176E-01
1.481901E+10 4.399283E-01
1.468351E+10 4.403295E-01
1.454801E+10 4.407308E-01
1.441251E+10 4.411321E-01
1.427701E+10 4.415334E-01
1.414151E+10 4.419347E-01
1.399421E+10 4.422575E-01
1.384601E+10 4.425743E-01
1.369782E+10 4.428912E-01
1.354963E+10 4.432080E-01
1.340143E+10 4.435249E-01
1.325324E+10 4.438418E-01
1.311948E+10 4.440582E-01
1.298877E+10 4.442533E-01
1.285807E+10 4.444485E-01
1.272736E+10 4.446437E-01
1.259665E+10 4.448388E-01
1.246594E+10 4.450340E-01
1.234327E+10 4.451996E-01
1.222702E+10 4.453415E-01
1.211077E+10 4.454834E-01
1.199452E+10 4.456253E-01
1.187827E+10 4.457672E-01
1.176202E+10 4.459091E-01
1.164613E+10 4.460500E-01
1.153302E+10 4.461833E-01
1.141991E+10 4.463167E-01
1.130680E+10 4.464500E-01
1.119369E+10 4.465833E-01
1.108058E+10 4.467167E-01
1.096747E+10 4.468500E-01
1.085955E+10 4.469866E-01
1.075676E+10 4.471265E-01
1.065398E+10 4.472663E-01
1.055120E+10 4.474062E-01
1.044842E+10 4.475460E-01
1.034564E+10 4.476859E-01
1.024286E+10 4.478257E-01
1.014009E+10 4.480179E-01
1.003734E+10 4.482315E-01
9.934585E+09 4.484452E-01
9.831830E+09 4.486589E-01
9.729075E+09 4.488725E-01
9.626320E+09 4.490862E-01
9.523565E+09 4.492999E-01
9.419287E+09 4.498498E-01
9.314448E+09 4.505237E-01
9.209608E+09 4.511975E-01
9.104768E+09 4.518714E-01
8.999928E+09 4.525452E-01
8.895088E+09 4.532191E-01
8.790249E+09 4.538930E-01
8.700286E+09 4.544838E-01
8.621841E+09 4.550104E-01
8.543397E+09 4.555370E-01
8.464953E+09 4.560636E-01
8.386509E+09 4.565903E-01
8.308064E+09 4.571169E-01
8.229620E+09 4.576435E-01
8.149455E+09 4.581656E-01
8.062496E+09 4.586699E-01
7.975538E+09 4.591743E-01
7.888580E+09 4.596786E-01
7.801621E+09 4.601830E-01
7.714663E+09 4.606873E-01
7.627704E+09 4.611917E-01
7.540746E+09 4.616960E-01
7.465770E+09 4.621506E-01
7.397504E+09 4.625774E-01
7.329238E+09 4.630041E-01
7.260973E+09 4.634308E-01
7.192707E+09 4.638576E-01
7.124441E+09 4.642843E-01
7.056175E+09 4.647110E-01
6.987909E+09 4.651378E-01
6.917894E+09 4.655579E-01
6.847628E+09 4.659772E-01
6.777362E+09 4.663965E-01
6.707096E+09 4.668157E-01
6.636831E+09 4.672350E-01
6.566565E+09 4.676542E-01
6.496299E+09 4.680735E-01
6.426033E+09 4.684927E-01
6.363909E+09 4.688891E-01
6.302708E+09 4.692829E-01
6.241508E+09 4.696767E-01
6.180308E+09 4.700704E-01
6.119107E+09 4.704642E-01
6.057907E+09 4.708580E-01
5.996706E+09 4.712518E-01
5.935506E+09 4.716455E-01
5.875632E+09 4.720099E-01
5.816312E+09 4.723619E-01
5.756993E+09 4.727139E-01
5.697674E+09 4.730660E-01
5.638355E+09 4.734180E-01
5.579035E+09 4.737700E-01
5.519716E+09 4.741220E-01
5.460397E+09 4.744740E-01
5.403249E+09 4.748058E-01
5.351425E+09 4.750880E-01
5.299602E+09 4.753701E-01
5.247779E+09 4.756522E-01
5.195955E+09 4.759344E-01
5.144132E+09 4.762165E-01
5.092309E+09 4.764986E-01
5.040486E+09 4.767808E-01
4.988662E+09 4.770629E-01
4.937356E+09 4.773329E-01
4.886333E+09 4.775962E-01
4.835310E+09 4.778595E-01
4.784287E+09 4.781228E-01
4.733265E+09 4.783861E-01
4.682242E+09 4.786495E-01
4.631219E+09 4.789128E-01
4.580196E+09 4.791761E-01
4.529173E+09 4.794394E-01
4.483633E+09 4.796571E-01
4.439747E+09 4.798610E-01
4.395861E+09 4.800649E-01
4.351975E+09 4.802688E-01
4.308089E+09 4.804726E-01
4.264203E+09 4.806765E-01
4.220317E+09 4.808804E-01
4.176431E+09 4.810843E-01
4.132545E+09 4.812882E-01
4.088778E+09 4.814511E-01
4.045076E+09 4.815919E-01
4.001374E+09 4.817327E-01
3.957672E+09 4.818735E-01
3.913970E+09 4.820142E-01
3.870268E+09 4.821550E-01
3.826566E+09 4.822958E-01
3.782864E+09 4.824366E-01
3.739162E+09 4.825774E-01
3.697424E+09 4.827103E-01
3.660656E+09 4.828231E-01
3.623889E+09 4.829360E-01
3.587121E+09 4.830488E-01
3.550353E+09 4.831617E-01
3.513585E+09 4.832746E-01
3.476818E+09 4.833874E-01
3.440050E+09 4.835003E-01
3.403282E+09 4.836131E-01
3.366514E+09 4.837260E-01
3.330131E+09 4.838356E-01
3.293943E+09 4.839435E-01
3.257754E+09 4.840514E-01
3.221566E+09 4.841593E-01
3.185378E+09 4.842673E-01
3.149190E+09 4.843752E-01
3.113002E+09 4.844831E-01
3.076814E+09 4.845910E-01
3.040626E+09 4.846989E-01
3.004438E+09 4.848069E-01
2.972542E+09 4.849005E-01
2.941842E+09 4.849901E-01
2.911142E+09 4.850797E-01
2.880441E+09 4.851693E-01
2.849741E+09 4.852589E-01
2.819040E+09 4.853485E-01
2.788340E+09 4.854381E-01
2.757639E+09 4.855277E-01
2.726939E+09 4.856173E-01
2.696239E+09 4.857069E-01
2.667230E+09 4.857851E-01
2.639200E+09 4.858566E-01
2.611171E+09 4.859282E-01
2.583141E+09 4.859997E-01
2.555112E+09 4.860713E-01
2.527082E+09 4.861428E-01
2.499053E+09 4.862143E-01
2.471023E+09 4.862859E-01
2.442994E+09 4.863574E-01
2.414964E+09 4.864290E-01
2.387419E+09 4.864994E-01
2.361703E+09 4.865656E-01
2.335987E+09 4.866317E-01
2.310271E+09 4.866979E-01
2.284556E+09 4.867641E-01
2.258840E+09 4.868303E-01
2.233124E+09 4.868965E-01
2.207409E+09 4.869626E-01
2.181693E+09 4.870288E-01
2.155977E+09 4.870950E-01
2.130262E+09 4.871612E-01
2.106196E+09 4.872238E-01
2.083767E+09 4.872829E-01
2.061337E+09 4.873420E-01
2.038908E+09 4.874011E-01
2.016478E+09 4.874602E-01
1.994049E+09 4.875193E-01
1.971620E+09 4.875784E-01
1.949190E+09 4.876375E-01
1.926761E+09 4.876966E-01
1.904331E+09 4.877557E-01
1.881902E+09 4.878148E-01
1.861006E+09 4.878715E-01
1.841612E+09 4.879259E-01
1.822218E+09 4.879803E-01
1.802825E+09 4.880347E-01
1.783431E+09 4.880891E-01
1.764037E+09 4.881435E-01
1.744643E+09 4.881979E-01
1.725250E+09 4.882523E-01
1.705856E+09 4.883068E-01
1.686462E+09 4.883612E-01
1.667069E+09 4.884156E-01
1.647925E+09 4.884696E-01
1.629725E+09 4.885225E-01
1.611525E+09 4.885753E-01
1.593326E+09 4.886281E-01
1.575126E+09 4.886810E-01
1.556927E+09 4.887338E-01
1.538727E+09 4.887866E-01
1.520528E+09 4.888394E-01
1.502328E+09 4.888923E-01
1.484128E+09 4.889451E-01
1.465929E+09 4.889979E-01
1.447729E+09 4.890508E-01
1.431413E+09 4.890995E-01
1.416312E+09 4.891456E-01
1.401211E+09 4.891916E-01
1.386110E+09 4.892377E-01
1.371010E+09 4.892838E-01
1.355909E+09 4.893298E-01
1.340808E+09 4.893759E-01
1.325708E+09 4.894220E-01
1.310607E+09 4.894680E-01
1.295506E+09 4.895141E-01
1.280405E+09 4.895602E-01
1.265305E+09 4.896063E-01
1.251515E+09 4.896360E-01
1.238310E+09 4.896585E-01
1.225105E+09 4.896810E-01
1.211901E+09 4.897035E-01
1.198696E+09 4.897260E-01
1.185491E+09 4.897485E-01
1.172286E+09 4.897710E-01
1.159082E+09 4.897935E-01
1.145877E+09 4.898160E-01
1.132672E+09 4.898385E-01
1.119468E+09 4.898610E-01
1.106263E+09 4.898835E-01
1.093770E+09 4.899048E-01
1.082142E+09 4.899245E-01
1.070514E+09 4.899443E-01
1.058887E+09 4.899641E-01
1.047259E+09 4.899838E-01
1.035631E+09 4.900036E-01
1.024003E+09 4.900233E-01
1.012376E+09 4.900431E-01
1.000748E+09 4.900628E-01
9.891200E+08 4.900826E-01
9.774923E+08 4.901023E-01
9.658645E+08 4.901221E-01
9.542367E+08 4.901419E-01
9.437844E+08 4.901612E-01
9.334928E+08 4.901806E-01
9.232012E+08 4.901999E-01
9.129096E+08 4.902192E-01
9.026180E+08 4.902385E-01
8.923264E+08 4.902579E-01
8.820348E+08 4.902772E-01
8.717432E+08 4.902965E-01
8.614516E+08 4.903159E-01
8.511600E+08 4.903352E-01
8.408683E+08 4.903545E-01
8.305767E+08 4.903738E-01
8.202851E+08 4.903932E-01
8.114468E+08 4.904115E-01
8.026579E+08 4.904297E-01
7.938691E+08 4.904480E-01
7.850802E+08 4.904662E-01
7.762913E+08 4.904845E-01
7.675025E+08 4.905027E-01
7.587136E+08 4.905210E-01
7.499247E+08 4.905393E-01
7.411359E+08 4.905575E-01
7.323470E+08 4.905758E-01
7.235582E+08 4.905940E-01
7.147693E+08 4.906123E-01
7.059804E+08 4.906305E-01
6.979564E+08 4.906494E-01
6.902530E+08 4.906686E-01
6.825497E+08 4.906878E-01
6.748464E+08 4.907070E-01
6.671430E+08 4.907262E-01
6.594397E+08 4.907454E-01
6.517364E+08 4.907646E-01
6.440330E+08 4.907838E-01
6.363297E+08 4.908030E-01
6.286264E+08 4.908222E-01
6.209231E+08 4.908414E-01
6.132197E+08 4.908605E-01
6.055164E+08 4.908797E-01
5.979140E+08 4.908993E-01
5.914441E+08 4.909225E-01
5.849742E+08 4.909457E-01
5.785043E+08 4.909689E-01
5.720345E+08 4.909922E-01
5.655646E+08 4.910154E-01
5.590947E+08 4.910386E-01
5.526248E+08 4.910619E-01
5.461550E+08 4.910851E-01
5.396851E+08 4.911083E-01
5.332152E+08 4.911316E-01
5.267453E+08 4.911548E-01
5.202755E+08 4.911780E-01
5.138056E+08 4.912012E-01
5.074311E+08 4.912259E-01
5.020203E+08 4.912649E-01
4.966095E+08 4.913039E-01
4.911987E+08 4.913429E-01
4.857879E+08 4.913819E-01
4.803771E+08 4.914209E-01
4.749663E+08 4.914599E-01
4.695555E+08 4.914990E-01
4.641447E+08 4.915380E-01
4.587339E+08 4.915770E-01
4.533231E+08 4.916160E-01
4.479124E+08 4.916550E-01
4.425016E+08 4.916940E-01
4.370908E+08 4.917330E-01
4.316800E+08 4.917720E-01
4.268433E+08 4.918401E-01
4.222314E+08 4.919196E-01
4.176195E+08 4.919992E-01
4.130077E+08 4.920787E-01
4.083958E+08 4.921582E-01
4.037839E+08 4.922377E-01
3.991720E+08 4.923173E-01
3.945601E+08 4.923968E-01
3.899482E+08 4.924763E-01
3.853363E+08 4.925558E-01
3.807245E+08 4.926354E-01
3.761126E+08 4.927149E-01
3.715007E+08 4.927944E-01
3.668888E+08 4.928739E-01
3.622769E+08 4.929535E-01
3.583255E+08 4.930189E-01
3.544034E+08 4.930838E-01
3.504814E+08 4.931486E-01
3.465593E+08 4.932134E-01
3.426372E+08 4.932782E-01
3.387151E+08 4.933431E-01
3.347931E+08 4.934079E-01
3.308710E+08 4.934727E-01
3.269489E+08 4.935375E-01
3.230268E+08 4.936024E-01
3.191047E+08 4.936672E-01
3.151827E+08 4.937320E-01
3.112606E+08 4.937968E-01
3.073385E+08 4.938617E-01
3.034164E+08 4.939265E-01
2.999789E+08 4.940039E-01
2.966656E+08 4.940844E-01
2.933523E+08 4.941650E-01
2.900390E+08 4.942456E-01
2.867257E+08 4.943261E-01
2.834124E+08 4.944067E-01
2.800991E+08 4.944873E-01
2.767858E+08 4.945678E-01
2.734725E+08 4.946484E-01
2.701591E+08 4.947289E-01
2.668458E+08 4.948095E-01
2.635325E+08 4.948901E-01
2.602192E+08 4.949706E-01
2.569059E+08 4.950512E-01
2.535926E+08 4.951318E-01
2.504031E+08 4.952095E-01
2.476444E+08 4.952772E-01
2.448856E+08 4.953449E-01
2.421268E+08 4.954126E-01
2.393681E+08 4.954803E-01
2.366093E+08 4.955481E-01
2.338506E+08 4.956158E-01
2.310918E+08 4.956835E-01
2.283330E+08 4.957512E-01
2.255743E+08 4.958189E-01
2.228155E+08 4.958866E-01
2.200567E+08 4.959544E-01
2.172980E+08 4.960221E-01
2.145392E+08 4.960898E-01
2.117805E+08 4.961575E-01
2.090217E+08 4.962252E-01
2.063751E+08 4.962900E-01
2.041076E+08 4.963450E-01
2.018402E+08 4.964000E-01
1.995727E+08 4.964549E-01
1.973052E+08 4.965099E-01
1.950377E+08 4.965649E-01
1.927703E+08 4.966198E-01
1.905028E+08 4.966748E-01
1.882353E+08 4.967298E-01
1.859678E+08 4.967847E-01
1.837003E+08 4.968397E-01
1.814329E+08 4.968946E-01
1.791654E+08 4.969496E-01
1.768979E+08 4.970046E-01
1.746304E+08 4.970595E-01
1.723630E+08 4.971145E-01
1.700955E+08 4.971695E-01
1.681630E+08 4.972156E-01
1.663145E+08 4.972595E-01
1.644659E+08 4.973034E-01
1.626174E+08 4.973473E-01
1.607688E+08 4.973912E-01
1.589203E+08 4.974351E-01
1.570717E+08 4.974790E-01
1.552232E+08 4.975229E-01
1.533747E+08 4.975668E-01
1.515261E+08 4.976107E-01
1.496776E+08 4.976546E-01
1.478290E+08 4.976985E-01
1.459805E+08 4.977424E-01
1.441319E+08 4.977863E-01
1.422834E+08 4.978302E-01
1.404349E+08 4.978741E-01
1.385863E+08 4.979180E-01
1.370595E+08 4.979550E-01
1.355588E+08 4.979913E-01
1.340581E+08 4.980277E-01
1.325573E+08 4.980641E-01
1.310566E+08 4.981005E-01
1.295558E+08 4.981369E-01
1.280551E+08 4.981733E-01
1.265543E+08 4.982096E-01
1.250536E+08 4.982460E-01
1.235529E+08 4.982824E-01
1.220521E+08 4.983188E-01
1.205514E+08 4.983552E-01
1.190506E+08 4.983916E-01
1.175499E+08 4.984279E-01
1.160491E+08 4.984643E-01
1.145484E+08 4.985007E-01
1.130477E+08 4.985371E-01
1.117055E+08 4.985727E-01
1.104723E+08 4.986078E-01
1.092391E+08 4.986429E-01
1.080059E+08 4.986779E-01
1.067727E+08 4.987130E-01
1.055395E+08 4.987481E-01
1.043062E+08 4.987831E-01
1.030730E+08 4.988182E-01
1.018398E+08 4.988533E-01
1.006066E+08 4.988884E-01
9.937341E+07 4.989234E-01
9.814020E+07 4.989585E-01
9.690699E+07 4.989936E-01
9.567378E+07 4.990287E-01
9.444057E+07 4.990637E-01
9.320736E+07 4.990988E-01
9.197415E+07 4.991339E-01
9.074094E+07 4.991690E-01
8.966236E+07 4.992068E-01
8.862436E+07 4.992454E-01
8.758635E+07 4.992839E-01
8.654835E+07 4.993225E-01
8.551034E+07 4.993611E-01
8.447233E+07 4.993996E-01
8.343433E+07 4.994382E-01
8.239632E+07 4.994768E-01
8.135832E+07 4.995154E-01
8.032031E+07 4.995539E-01
7.928230E+07 4.995925E-01
7.824430E+07 4.996311E-01
7.720629E+07 4.996696E-01
7.616829E+07 4.997082E-01
7.513028E+07 4.997468E-01
7.409227E+07 4.997854E-01
7.305427E+07 4.998239E-01
7.201626E+07 4.998625E-01
7.110623E+07 4.998845E-01
7.032102E+07 4.998902E-01
6.953581E+07 4.998960E-01
6.875060E+07 4.999018E-01
6.796539E+07 4.999076E-01
6.718018E+07 4.999133E-01
6.639496E+07 4.999191E-01
6.560975E+07 4.999249E-01
6.482454E+07 4.999307E-01
6.403933E+07 4.999364E-01
6.325412E+07 4.999422E-01
6.246891E+07 4.999480E-01
6.168370E+07 4.999538E-01
6.089848E+07 4.999595E-01
6.011327E+07 4.999653E-01
5.932806E+07 4.999711E-01
5.854285E+07 4.999769E-01
5.775764E+07 4.999826E-01
5.697243E+07 4.999884E-01
5.631140E+07 4.999900E-01
5.569731E+07 4.999900E-01
5.508322E+07 4.999900E-01
5.446913E+07 4.999900E-01
5.385504E+07 4.999900E-01
5.324095E+07 4.999900E-01
5.262686E+07 4.999900E-01
5.201277E+07 4.999900E-01
5.139867E+07 4.999900E-01
5.078458E+07 4.999900E-01
5.017049E+07 4.999900E-01
4.955640E+07 4.999900E-01
4.894231E+07 4.999900E-01
4.832822E+07 4.999900E-01
4.771413E+07 4.999900E-01
4.710004E+07 4.999900E-01
4.648595E+07 4.999900E-01
4.587186E+07 4.999900E-01
4.525777E+07 4.999900E-01
4.468261E+07 4.999900E-01
4.415818E+07 4.999900E-01
4.363374E+07 4.999900E-01
4.310931E+07 4.999900E-01
4.258488E+07 4.999900E-01
4.206044E+07 4.999900E-01
4.153601E+07 4.999900E-01
4.101157E+07 4.999900E-01
4.048714E+07 4.999900E-01
3.996270E+07 4.999900E-01
3.943827E+07 4.999900E-01
3.891383E+07 4.999900E-01
3.838940E+07 4.999900E-01
3.786496E+07 4.999900E-01
3.734053E+07 4.999900E-01
3.681609E+07 4.999900E-01
3.629166E+07 4.999900E-01
3.576723E+07 4.999900E-01
3.524279E+07 4.999900E-01
3.471836E+07 4.999900E-01
3.427935E+07 4.999900E-01
3.389197E+07 4.999900E-01
3.350458E+07 4.999900E-01
3.311719E+07 4.999900E-01
3.272981E+07 4.999900E-01
3.234242E+07 4.999900E-01
3.195504E+07 4.999900E-01
3.156765E+07 4.999900E-01
3.118026E+07 4.999900E-01
3.079288E+07 4.999900E-01
3.040549E+07 4.999900E-01
3.001810E+07 4.999900E-01
2.963072E+07 4.999900E-01
2.924333E+07 4.999900E-01
2.885594E+07 4.999900E-01
2.846856E+07 4.999900E-01
2.808117E+07 4.999900E-01
2.769379E+07 4.999900E-01
2.730640E+07 4.999900E-01
2.691901E+07 4.999900E-01
2.655158E+07 4.999900E-01
2.623793E+07 4.999900E-01
2.592429E+07 4.999900E-01
2.561064E+07 4.999900E-01
2.529699E+07 4.999900E-01
2.498335E+07 4.999900E-01
2.466970E+07 4.999900E-01
2.435605E+07 4.999900E-01
2.404241E+07 4.999900E-01
2.372876E+07 4.999900E-01
2.341511E+07 4.999900E-01
2.310147E+07 4.999900E-01
2.278782E+07 4.999900E-01
2.247417E+07 4.999900E-01
2.216053E+07 4.999900E-01
2.184688E+07 4.999900E-01
2.153323E+07 4.999900E-01
2.121959E+07 4.999900E-01
2.090594E+07 4.999900E-01
2.059229E+07 4.999900E-01
2.027865E+07 4.999900E-01
1.999558E+07 4.999900E-01
1.976467E+07 4.999900E-01
1.953375E+07 4.999900E-01
1.930284E+07 4.999900E-01
1.907193E+07 4.999900E-01
1.884101E+07 4.999900E-01
1.861010E+07 4.999900E-01
1.837919E+07 4.999900E-01
1.814827E+07 4.999900E-01
1.791736E+07 4.999900E-01
1.768645E+07 4.999900E-01
1.745554E+07 4.999900E-01
1.722462E+07 4.999900E-01
1.699371E+07 4.999900E-01
1.676280E+07 4.999900E-01
1.653188E+07 4.999900E-01
1.630097E+07 4.999900E-01
1.607006E+07 4.999900E-01
1.583915E+07 4.999900E-01
1.560823E+07 4.999900E-01
1.537732E+07 4.999900E-01
1.514641E+07 4.999900E-01
1.495767E+07 4.999900E-01
1.477356E+07 4.999900E-01
1.458945E+07 4.999900E-01
1.440534E+07 4.999900E-01
1.422123E+07 4.999900E-01
1.403712E+07 4.999900E-01
1.385301E+07 4.999900E-01
1.366890E+07 4.999900E-01
1.348479E+07 4.999900E-01
1.330068E+07 4.999900E-01
1.311657E+07 4.999900E-01
1.293245E+07 4.999900E-01
1.274834E+07 4.999900E-01
1.256423E+07 4.999900E-01
1.238012E+07 4.999900E-01
1.219601E+07 4.999900E-01
1.201190E+07 4.999900E-01
1.182779E+07 4.999900E-01
1.164368E+07 4.999900E-01
1.145957E+07 4.999900E-01
1.127546E+07 4.999900E-01
1.109135E+07 4.999900E-01
1.094881E+07 4.999900E-01
1.081376E+07 4.999900E-01
1.067871E+07 4.999900E-01
1.054366E+07 4.999900E-01
1.040861E+07 4.999900E-01
1.027357E+07 4.999900E-01
1.013852E+07 4.999900E-01
1.000347E+07 4.999900E-01
9.868418E+06 4.999900E-01
9.733369E+06 4.999900E-01
9.598320E+06 4.999900E-01
9.463271E+06 4.999900E-01
9.328221E+06 4.999900E-01
9.193172E+06 4.999900E-01
9.058123E+06 4.999900E-01
8.923074E+06 4.999900E-01
8.788025E+06 4.999900E-01
8.652976E+06 4.999900E-01
8.517927E+06 4.999900E-01
8.382878E+06 4.999900E-01
8.247829E+06 4.999900E-01
8.112780E+06 4.999900E-01
7.984694E+06 4.999900E-01
7.884608E+06 4.999900E-01
7.784522E+06 4.999900E-01
7.684436E+06 4.999900E-01
7.584349E+06 4.999900E-01
7.484263E+06 4.999900E-01
7.384177E+06 4.999900E-01
7.284090E+06 4.999900E-01
7.184004E+06 4.999900E-01
7.083918E+06 4.999900E-01
6.983832E+06 4.999900E-01
6.883745E+06 4.999900E-01
6.783659E+06 4.999900E-01
6.683573E+06 4.999900E-01
6.583486E+06 4.999900E-01
6.483400E+06 4.999900E-01
6.383314E+06 4.999900E-01
6.283228E+06 4.999900E-01
6.183141E+06 4.999900E-01
6.083055E+06 4.999900E-01
5.982969E+06 4.999900E-01
5.882882E+06 4.999900E-01
5.782796E+06 4.999900E-01
5.682710E+06 4.999900E-01
5.607458E+06 4.999900E-01
5.533938E+06 4.999900E-01
5.460417E+06 4.999900E-01
5.386897E+06 4.999900E-01
5.313377E+06 4.999900E-01
5.239856E+06 4.999900E-01
5.166336E+06 4.999900E-01
5.092816E+06 4.999900E-01
5.019296E+06 4.999900E-01
4.945775E+06 4.999900E-01
4.872255E+06 4.999900E-01
4.798735E+06 4.999900E-01
4.725214E+06 4.999900E-01
4.651694E+06 4.999900E-01
4.578174E+06 4.999900E-01
4.504654E+06 4.999900E-01
4.431133E+06 4.999900E-01
4.357613E+06 4.999900E-01
4.284093E+06 4.999900E-01
4.210572E+06 4.999900E-01
4.137052E+06 4.999900E-01
4.063532E+06 4.999900E-01
3.990012E+06 4.999900E-01
3.916491E+06 4.999900E-01
3.864505E+06 4.999900E-01
3.811685E+06 4.999900E-01
3.758865E+06 4.999900E-01
3.706045E+06 4.999900E-01
3.653225E+06 4.999900E-01
3.600405E+06 4.999900E-01
3.547585E+06 4.999900E-01
3.494765E+06 4.999900E-01
3.441946E+06 4.999900E-01
3.389126E+06 4.999900E-01
3.336306E+06 4.999900E-01
3.283486E+06 4.999900E-01
3.230666E+06 4.999900E-01
3.177846E+06 4.999900E-01
3.125026E+06 4.999900E-01
3.072206E+06 4.999900E-01
3.019386E+06 4.999900E-01
2.966566E+06 4.999900E-01
2.913746E+06 4.999900E-01
2.860926E+06 4.999900E-01
2.808106E+06 4.999900E-01
2.755286E+06 4.999900E-01
2.702466E+06 4.999900E-01
2.649646E+06 4.999900E-01
2.603808E+06 4.999900E-01
2.565671E+06 4.999900E-01
2.527535E+06 4.999900E-01
2.489398E+06 4.999900E-01
2.451262E+06 4.999900E-01
2.413125E+06 4.999900E-01
2.374989E+06 4.999900E-01
2.336852E+06 4.999900E-01
2.298716E+06 4.999900E-01
2.260579E+06 4.999900E-01
2.222442E+06 4.999900E-01
2.184306E+06 4.999900E-01
2.146169E+06 4.999900E-01
2.108033E+06 4.999900E-01
2.069896E+06 4.999900E-01
2.031760E+06 4.999900E-01
1.993623E+06 4.999900E-01
1.955487E+06 4.999900E-01
1.917350E+06 4.999900E-01
1.879213E+06 4.999900E-01
1.841077E+06 4.999900E-01
1.802940E+06 4.999900E-01
1.764804E+06 4.999900E-01
1.726667E+06 4.999900E-01
1.688531E+06 4.999900E-01
1.653655E+06 4.999900E-01
1.625693E+06 4.999900E-01
1.597731E+06 4.999900E-01
1.569768E+06 4.999900E-01
1.541806E+06 4.999900E-01
1.513844E+06 4.999900E-01
1.485882E+06 4.999900E-01
1.457920E+06 4.999900E-01
1.429958E+06 4.999900E-01
1.401996E+06 4.999900E-01
1.374034E+06 4.999900E-01
1.346072E+06 4.999900E-01
1.318110E+06 4.999900E-01
1.290148E+06 4.999900E-01
1.262186E+06 4.999900E-01
1.234224E+06 4.999900E-01
1.206262E+06 4.999900E-01
1.178300E+06 4.999900E-01
1.150338E+06 4.999900E-01
1.122376E+06 4.999900E-01
1.094414E+06 4.999900E-01
1.066452E+06 4.999900E-01
1.038490E+06 4.999900E-01
1.010528E+06 4.999900E-01
9.825657E+05 4.999900E-01
9.546037E+05 4.999900E-01
9.250190E+05 4.999900E-01
8.922680E+05 4.999900E-01
8.595170E+05 4.999900E-01
8.267659E+05 4.999900E-01
7.940149E+05 4.999900E-01
7.612639E+05 4.999900E-01
7.285129E+05 4.999900E-01
6.957618E+05 4.999900E-01
6.630108E+05 4.999900E-01
6.302598E+05 4.999900E-01
5.975087E+05 4.999900E-01
5.647577E+05 4.999900E-01
5.320067E+05 4.999900E-01
4.992557E+05 4.999900E-01
4.665046E+05 4.999900E-01
4.337536E+05 4.999900E-01
4.010026E+05 4.999900E-01
3.682515E+05 4.999900E-01
3.355005E+05 4.999900E-01
